> probMatrix[1]
[1] 1 2

> probMatrix[2]
[1] 1 2 4 3 9 8

> probMatrix[3]
[1] 3 4 5 2 1 9 8

> probMatrix[4]
[1] 1 2 9 8

> probMatrix[5]
[[1]]
[1] 1 2 9 8

> probMatrix[6]
[[1]]
[1] 1 2 9 8

> probMatrix[7]
[[1]]
[1] 1 2 9 8

> probMatrix[8]
[[1]]
[1] 1 2 9 8

> probMatrix[9]
[[1]]
[1] 2 1 9 8

> probMatrix[10]
[[1]]
[1] 1 2 9 8

> probMatrix[11]
[[1]]
[1] 1 2 9 8

> probMatrix[12]
[[1]]
[1] 2 1 9 8

> probMatrix[13]
[[1]]
[1] 2 1 9 3 4 8

> probMatrix[14]
[[1]]
[1] 2 1 4 9 3 8

> probMatrix[15]
[[1]]
[1] 2 4 9 3 1 8

> probMatrix[16]
[[1]]
[1] 2 1 4 3 9 8

> probMatrix[17]
[[1]]
[1] 4 3 9 1 2 8

> probMatrix[18]
[[1]]
[1] 2 1 9 3 4 8

> probMatrix[19]
[[1]]
[1] 3 4 9 1 2 8

> probMatrix[20]
[[1]]
[1] 1 2 9 4 3 8

> probMatrix[21]
[[1]]
[1] 1 4 3 2 9 8

> probMatrix[22]
[[1]]
[1] 2 1 3 9 4 8

> probMatrix[23]
[[1]]
[1] 3 1 4 2 9 8

> probMatrix[24]
[[1]]
[1] 3 1 2 4 9 8

> probMatrix[25]
[[1]]
[1] 3 1 4 2 9 8

> probMatrix[26]
[[1]]
[1] 1 2 3 9 4 8

> probMatrix[27]
[[1]]
[1] 3 1 4 2 9 8

> probMatrix[28]
[[1]]
[1] 1 2 3 4 9 8

> probMatrix[29]
[[1]]
[1] 2 1 3 4 9 8

> probMatrix[30]
[[1]]
[1] 4 1 3 9 2 8

> probMatrix[31]
[[1]]
[1] 4 3 1 9 2 8

> probMatrix[32]
[[1]]
[1] 2 1 3 4 9 8

> probMatrix[33]
[[1]]
[1] 2 3 4 1 9 8

> probMatrix[34]
[[1]]
[1] 4 3 2 9 1 8

> probMatrix[35]
[[1]]
[1] 2 1 4 9 3 8

> probMatrix[36]
[[1]]
[1] 4 3 9 2 1 8

> probMatrix[37]
[[1]]
[1] 2 1 9 4 3 8

> probMatrix[38]
[[1]]
[1] 3 4 1 9 2 8

> probMatrix[39]
[[1]]
[1] 1 4 9 2 3 8

> probMatrix[40]
[[1]]
[1] 3 4 1 2 9 8

> probMatrix[41]
[[1]]
[1] 3 2 4 1 9 8

> probMatrix[42]
[[1]]
[1] 4 3 1 2 9 8

> probMatrix[43]
[[1]]
[1] 4 3 2 9 1 8

> probMatrix[44]
[[1]]
[1] 2 1 3 4 9 8

> probMatrix[45]
[[1]]
[1] 3 1 4 2 9 8

> probMatrix[46]
[[1]]
[1] 1 2 9 3 4 8

> probMatrix[47]
[[1]]
[1] 1 2 3 4 9 8

> probMatrix[48]
[[1]]
[1] 1 2 3 4 9 8

> probMatrix[49]
[[1]]
[1] 4 3 2 1 9 8

> probMatrix[50]
[[1]]
[1] 1 2 9 8

> probMatrix[51]
[[1]]
[1] 5 1 4 3 6 9 2 8

> probMatrix[52]
[[1]]
[1] 5 4 2 3 6 9 1 8

> probMatrix[53]
[[1]]
[1] 2 1 3 4 9 8

> probMatrix[54]
[[1]]
[1] 1 3 9 2 4 8

> probMatrix[55]
[[1]]
[1] 1 9 2 4 3 8

> probMatrix[56]
[[1]]
[1] 2 3 5 4 1 9 8

> probMatrix[57]
[[1]]
[1] 2 3 4 5 1 9 8

> probMatrix[58]
[[1]]
[1] 1 2 5 3 4 9 8

> probMatrix[59]
[[1]]
[1] 2 3 1 5 4 9 8

> probMatrix[60]
[[1]]
[1] 4 3 1 5 2 9 8

> probMatrix[61]
[[1]]
[1] 3 2 5 4 1 9 8

> probMatrix[62]
[[1]]
[1] 2 3 4 5 1 9 8

> probMatrix[63]
[[1]]
[1] 2 3 4 5 1 9 8

> probMatrix[64]
[[1]]
[1] 2 1 4 5 3 9 8

> probMatrix[65]
[[1]]
[1]  2  4  3 99 96  5  6 98

> probMatrix[66]
[[1]]
[1] 3 5 9 2 4 1 8

> probMatrix[67]
[[1]]
[1]  3 96  2  4  5 99  6 98

> probMatrix[68]
[[1]]
[1] 1 2 9 8

> probMatrix[69]
[[1]]
[1] 2 1 3 9

> probMatrix[70]
[[1]]
[1] 1 2 5 4 9 3

> probMatrix[71]
[[1]]
[1] 3 1 9 7 2 4 5 6

> probMatrix[72]
[[1]]
[1] 1 9 2 8

> probMatrix[73]
[[1]]
 [1]  9.916667 10.416667 10.083333  9.500000  9.666667  9.750000 10.333333
 [8]  9.583333  9.833333 10.500000 10.666667 10.250000 10.000000 10.166667
[15] 11.666667 12.083333 10.833333 10.583333  9.416667 10.916667 11.166667
[22] 11.500000 11.083333 10.750000 11.000000 11.333333 11.250000  9.333333
[29]  9.000000 11.416667  9.250000 11.750000 12.250000  8.500000 11.916667
[36]  8.750000  9.166667 11.583333 11.833333 12.833333  8.833333 12.666667
[43]  8.666667 12.333333 12.000000 12.166667 12.416667 12.500000 12.583333
[50]  8.583333

probMatrix[74]
[[1]]
[1] 1 2 0